(1, 21),
	(1, 29),
	(2, 71),
	(3, 61),
	(3, 15),
	(4, 10),
	(4, 73),
	(5, 44),
	(5, 48),
	(6, 58),
	(6, 71),
	(7, 61),
	(8, 58),
	(8, 71),
	(8, 28),
	(9, 61),
	(10, 14),
	(11, 16),
	(11, 15),
	(11, 11),
	(11, 21),
	(11, 73),
	(12, 71),
	(13, 40),
	(14, 36),
	(14, 18),
	(14, 10),
	(15, 16),
	(15, 13),
	(16, 71),
	(17, 71),
	(18, 71),
	(19, 44),
	(19, 71),
	(19, 28),
	(20, 21),
	(20, 10),
	(20, 73),
	(21, 55),
	(21, 21),
	(21, 13),
	(22, 18),
	(22, 10),
	(23, 10),
	(23, 17),
	(24, 71),
	(24, 28),
	(25, 15),
	(25, 44),
	(25, 73),
	(25, 41),
	(26, 44),
	(26, 71),
	(26, 28),
	(27, 15),
	(27, 71),
	(27, 10),
	(28, 15),
	(28, 11),
	(28, 71),
	(28, 41),
	(29, 71),
	(30, 18),
	(30, 15),
	(30, 8),
	(30, 10),
	(31, 61),
	(32, 71),
	(32, 13),
	(33, 71),
	(33, 73),
	(34, 18),
	(34, 15),
	(34, 8),
	(34, 10),
	(35, 18),
	(35, 10),
	(36, 36),
	(36, 13),
	(37, 71),
	(38, 21),
	(38, 10),
	(38, 73),
	(39, 18),
	(39, 10),
	(40, 73),
	(40, 41),
	(41, 66),
	(41, 28),
	(41, 41),
	(42, 18),
	(42, 10),
	(42, 4),
	(43, 73),
	(43, 41),
	(44, 15),
	(44, 71),
	(44, 13),
	(45, 71),
	(45, 14),
	(46, 66),
	(46, 28),
	(47, 71),
	(47, 13),
	(48, 71),
	(49, 71),
	(49, 13),
	(50, 58),
	(50, 71),
	(50, 13),
	(51, 18),
	(51, 10),
	(52, 8),
	(52, 10),
	(53, 71),
	(54, 10),
	(54, 17),
	(55, 14),
	(56, 21),
	(56, 71),
	(56, 73),
	(57, 18),
	(57, 15),
	(57, 10),
	(58, 44),
	(58, 71),
	(58, 28),
	(59, 71),
	(59, 20),
	(59, 13),
	(60, 10),
	(60, 73),
	(61, 18),
	(61, 10),
	(61, 73),
	(62, 73),
	(62, 13),
	(63, 71),
	(63, 28),
	(64, 18),
	(64, 10),
	(65, 21),
	(65, 10),
	(65, 73),
	(66, 71),
	(66, 28),
	(67, 18),
	(67, 10),
	(68, 18),
	(68, 10),
	(69, 18),
	(69, 8),
	(69, 10),
	(69, 76),
	(70, 8),
	(70, 71),
	(70, 13),
	(71, 40),
	(72, 14),
	(74, 61),
	(75, 18),
	(75, 71),
	(75, 10),
	(75, 13),
	(76, 71),
	(76, 10),
	(76, 73),
	(77, 18),
	(77, 10),
	(78, 14),
	(79, 55),
	(79, 21),
	(80, 18),
	(80, 15),
	(80, 10),
	(81, 18),
	(81, 10),
	(82, 18),
	(82, 10),
	(83, 44),
	(83, 41),
	(84, 18),
	(84, 10),
	(85, 71),
	(85, 28),
	(86, 44),
	(86, 71),
	(86, 28),
	(87, 16),
	(87, 61),
	(87, 18),
	(87, 15),
	(87, 44),
	(87, 71),
	(87, 28),
	(87, 10),
	(87, 13),
	(88, 71),
	(88, 14),
	(89, 15),
	(89, 44),
	(89, 73),
	(89, 41),
	(90, 71),
	(90, 13),
	(91, 58),
	(91, 20),
	(91, 48),
	(92, 71),
	(93, 71),
	(94, 18),
	(94, 10),
	(95, 71),
	(96, 58),
	(97, 66),
	(97, 38),
	(98, 61),
	(99, 20),
	(99, 13),
	(100, 8),
	(100, 44),
	(100, 13),
	(101, 73),
	(101, 13),
	(102, 18),
	(102, 10),
	(103, 18),
	(103, 15),
	(103, 10),
	(103, 73),
	(104, 8),
	(105, 18),
	(105, 10),
	(106, 18),
	(106, 10),
	(107, 44),
	(107, 71),
	(107, 73),
	(107, 13),
	(108, 71),
	(109, 18),
	(109, 10),
	(109, 73),
	(110, 36),
	(110, 18),
	(110, 10),
	(111, 36),
	(111, 15),
	(111, 8),
	(111, 71),
	(111, 10),
	(111, 73),
	(111, 40),
	(112, 15),
	(112, 8),
	(113, 58),
	(113, 71),
	(114, 18),
	(114, 8),
	(114, 10),
	(114, 13),
	(115, 58),
	(115, 48),
	(116, 15),
	(117, 11),
	(117, 58),
	(117, 71),
	(118, 10),
	(118, 73),
	(119, 15),
	(119, 71),
	(119, 41),
	(120, 15),
	(120, 8),
	(120, 71),
	(121, 18),
	(121, 10),
	(122, 18),
	(122, 10),
	(123, 61),
	(124, 8),
	(125, 21),
	(125, 10),
	(125, 73),
	(126, 18),
	(126, 10),
	(127, 18),
	(127, 15),
	(127, 8),
	(127, 10),
	(128, 18),
	(128, 10),
	(129, 14),
	(130, 73),
	(130, 41),
	(132, 71),
	(132, 28),
	(133, 18),
	(133, 10),
	(134, 18),
	(134, 15),
	(134, 8),
	(134, 71),
	(134, 10),
	(134, 40),
	(135, 36),
	(135, 66),
	(135, 71),
	(136, 61),
	(137, 14),
	(138, 44),
	(138, 71),
	(138, 28),
	(139, 73),
	(140, 21),
	(140, 10),
	(140, 73),
	(141, 10),
	(141, 73),
	(142, 18),
	(142, 10),
	(143, 71),
	(144, 18),
	(144, 10),
	(145, 15),
	(145, 19),
	(146, 73),
	(146, 17),
	(147, 40),
	(148, 71),
	(149, 71),
	(149, 28),
	(150, 66),
	(151, 71),
	(151, 28),
	(152, 15),
	(152, 40),
	(153, 14),
	(154, 8),
	(154, 44),
	(154, 28),
	(155, 44),
	(155, 71),
	(155, 28),
	(156, 15),
	(156, 71),
	(156, 10),
	(156, 14),
	(157, 11),
	(157, 38),
	(158, 71),
	(158, 13),
	(159, 21),
	(159, 48),
	(160, 18),
	(160, 10),
	(161, 61),
	(162, 71),
	(162, 13),
	(163, 18),
	(163, 15),
	(163, 10),
	(163, 73),
	(164, 36),
	(164, 61),
	(164, 18),
	(164, 8),
	(164, 44),
	(164, 41),
	(165, 44),
	(165, 71),
	(165, 28),
	(165, 13),
	(166, 58),
	(166, 71),
	(167, 21),
	(167, 10),
	(167, 73),
	(168, 44),
	(168, 71),
	(168, 28),
	(169, 18),
	(169, 10),
	(170, 20),
	(170, 41),
	(171, 18),
	(171, 10),
	(172, 61),
	(173, 10),
	(173, 73),
	(174, 36),
	(174, 8),
	(174, 13),
	(175, 18),
	(175, 10),
	(176, 71),
	(177, 14),
	(178, 61),
	(179, 71),
	(179, 28),
	(179, 10),
	(180, 18),
	(180, 10),
	(181, 18),
	(181, 15),
	(181, 10),
	(181, 13),
	(182, 71),
	(183, 21),
	(184, 8),
	(184, 71),
	(184, 73),
	(184, 32),
	(186, 8),
	(186, 44),
	(186, 28),
	(187, 71),
	(187, 28),
	(188, 20),
	(188, 41),
	(189, 8),
	(189, 44),
	(189, 48),
	(190, 15),
	(190, 71),
	(190, 28),
	(190, 13),
	(191, 18),
	(191, 71),
	(191, 10),
	(192, 20),
	(192, 73),
	(192, 41),
	(193, 71),
	(194, 18),
	(194, 71),
	(194, 10),
	(195, 11),
	(195, 58),
	(195, 71),
	(195, 13),
	(196, 18),
	(196, 10),
	(197, 8),
	(197, 44),
	(197, 13),
	(198, 71),
	(198, 36),
	(200, 73),
	(200, 13),
	(201, 71),
	(201, 48),
	(202, 18),
	(202, 10),
	(203, 44),
	(203, 71),
	(203, 28),
	(204, 21),
	(204, 10),
	(204, 73),
	(205, 18),
	(205, 71),
	(205, 10),
	(205, 13),
	(206, 71),
	(206, 14),
	(207, 61),
	(208, 18),
	(208, 15),
	(208, 71),
	(208, 10),
	(209, 18),
	(209, 15),
	(209, 10),
	(209, 41),
	(210, 11),
	(210, 58),
	(210, 71),
	(211, 71),
	(211, 28),
	(212, 21),
	(213, 18),
	(213, 10),
	(213, 38),
	(214, 18),
	(214, 10),
	(215, 44),
	(215, 71),
	(215, 28),
	(216, 71),
	(216, 20),
	(216, 13),
	(217, 18),
	(217, 10),
	(218, 18),
	(218, 15),
	(218, 19),
	(218, 10),
	(219, 18),
	(219, 10),
	(220, 18),
	(220, 10),
	(221, 36),
	(221, 18),
	(221, 10),
	(222, 18),
	(222, 10),
	(223, 18),
	(223, 10),
	(224, 18),
	(224, 15),
	(224, 71),
	(224, 28),
	(224, 10),
	(225, 18),
	(225, 10),
	(226, 8),
	(226, 7),
	(228, 36),
	(228, 13),
	(229, 18),
	(229, 10),
	(230, 18),
	(230, 8),
	(230, 10),
	(230, 13),
	(231, 14),
	(232, 71),
	(232, 20),
	(233, 21),
	(233, 10),
	(233, 73),
	(234, 36),
	(234, 10),
	(234, 13),
	(235, 18),
	(235, 10),
	(236, 8),
	(236, 71),
	(236, 41),
	(237, 8),
	(237, 41),
	(238, 18),
	(238, 10),
	(239, 36),
	(239, 73),
	(239, 41),
	(240, 73),
	(240, 41),
	(241, 8),
	(241, 13),
	(242, 15),
	(242, 8),
	(242, 71),
	(242, 10),
	(242, 73),
	(242, 40),
	(243, 8),
	(243, 13),
	(244, 61),
	(244, 71),
	(245, 18),
	(245, 10),
	(246, 73),
	(246, 41),
	(247, 66),
	(247, 18),
	(247, 10),
	(247, 73),
	(247, 48),
	(248, 18),
	(248, 10),
	(249, 18),
	(249, 10),
	(250, 18),
	(250, 10),
	(251, 71),
	(252, 71),
	(252, 73),
	(253, 18),
	(253, 10),
	(255, 11),
	(255, 71),
	(255, 13),
	(256, 10),
	(256, 73),
	(257, 18),
	(257, 10),
	(258, 15),
	(259, 18),
	(259, 10),
	(260, 71),
	(260, 14),
	(261, 11),
	(261, 71),
	(262, 73),
	(262, 13),
	(262, 41),
	(263, 44),
	(263, 71),
	(263, 28),
	(264, 55),
	(264, 21),
	(265, 44),
	(265, 71),
	(265, 20),
	(265, 32),
	(266, 36),
	(266, 10),
	(267, 16),
	(267, 13),
	(268, 21),
	(269, 61),
	(270, 18),
	(270, 10),
	(271, 18),
	(271, 10),
	(272, 8),
	(273, 16),
	(273, 13),
	(274, 14),
	(275, 58),
	(276, 15),
	(276, 71),
	(276, 20),
	(277, 18),
	(277, 15),
	(277, 10),
	(277, 13),
	(278, 36),
	(278, 13),
	(279, 15),
	(279, 44),
	(279, 73),
	(279, 41),
	(281, 18),
	(281, 8),
	(281, 10),
	(282, 71),
	(283, 18),
	(283, 10),
	(284, 18),
	(284, 10),
	(284, 73),
	(285, 71),
	(286, 8),
	(286, 73),
	(286, 48),
	(287, 36),
	(287, 18),
	(287, 10),
	(288, 18),
	(288, 10),
	(289, 18),
	(289, 15),
	(289, 8),
	(289, 10),
	(290, 18),
	(290, 10),
	(291, 21),
	(291, 10),
	(291, 73),
	(292, 18),
	(292, 10),
	(293, 71),
	(294, 8),
	(294, 10),
	(295, 8),
	(295, 44),
	(295, 71),
	(295, 32),
	(296, 71),
	(297, 14),
	(298, 73),
	(298, 13),
	(299, 71),
	(299, 13),
	(300, 58),
	(300, 71),
	(301, 8),
	(301, 13),
	(302, 71),
	(303, 73),
	(303, 48),
	(304, 71),
	(304, 10),
	(304, 20),
	(304, 73),
	(305, 18),
	(305, 10),
	(307, 44),
	(307, 71),
	(307, 28),
	(308, 15),
	(308, 71),
	(309, 73),
	(309, 48),
	(310, 44),
	(310, 32),
	(311, 73),
	(311, 13),
	(312, 18),
	(312, 10),
	(313, 21),
	(313, 10),
	(313, 73),
	(314, 8),
	(314, 35),
	(315, 18),
	(315, 10),
	(315, 73),
	(316, 71),
	(316, 28),
	(317, 18),
	(317, 10),
	(318, 10),
	(318, 17),
	(319, 15),
	(319, 8),
	(319, 41),
	(320, 18),
	(320, 10),
	(321, 15),
	(322, 44),
	(322, 71),
	(322, 28),
	(323, 71),
	(323, 28),
	(323, 13),
	(324, 18),
	(324, 10),
	(325, 40),
	(326, 18),
	(326, 10),
	(327, 8),
	(327, 58),
	(327, 71),
	(327, 7),
	(328, 18),
	(328, 10),
	(328, 73),
	(329, 40),
	(330, 28),
	(330, 73),
	(330, 41),
	(331, 18),
	(331, 71),
	(332, 71),
	(332, 28),
	(333, 73),
	(333, 41),
	(334, 18),
	(334, 10),
	(335, 10),
	(335, 73),
	(336, 58),
	(336, 48),
	(337, 44),
	(337, 71),
	(337, 28),
	(338, 71),
	(338, 28),
	(339, 61),
	(339, 15),
	(339, 41),
	(340, 15),
	(340, 19),
	(341, 36),
	(341, 15),
	(341, 8),
	(341, 71),
	(341, 10),
	(341, 73),
	(341, 40),
	(342, 18),
	(342, 10),
	(343, 18),
	(343, 19),
	(343, 10),
	(344, 61),
	(345, 71),
	(345, 13),
	(346, 20),
	(346, 73),
	(346, 48),
	(347, 18),
	(347, 10),
	(348, 18),
	(348, 10),
	(349, 18),
	(349, 21),
	(349, 10),
	(349, 73),
	(349, 38),
	(350, 15),
	(350, 19),
	(351, 10),
	(351, 73),
	(351, 17),
	(353, 8),
	(353, 38),
	(354, 16),
	(354, 71),
	(355, 36),
	(355, 18),
	(355, 10),
	(356, 44),
	(356, 71),
	(357, 71),
	(357, 13),
	(358, 71),
	(358, 28),
	(358, 44),
	(360, 73),
	(360, 41),
	(361, 71),
	(362, 8),
	(362, 13),
	(363, 58),
	(363, 21),
	(364, 73),
	(364, 76),
	(365, 15),
	(365, 8),
	(365, 44),
	(365, 73),
	(365, 48),
	(366, 18),
	(366, 15),
	(366, 19),
	(366, 10),
	(367, 61),
	(367, 15),
	(367, 40),
	(368, 18),
	(368, 10),
	(368, 4),
	(369, 18),
	(369, 10),
	(370, 20),
	(370, 38),
	(371, 15),
	(372, 44),
	(372, 71),
	(372, 28),
	(373, 18),
	(373, 10),
	(374, 18),
	(374, 10),
	(375, 15),
	(375, 58),
	(375, 29),
	(376, 44),
	(376, 71),
	(376, 28),
	(377, 18),
	(377, 10),
	(377, 73),
	(378, 14),
	(380, 44),
	(380, 71),
	(380, 28),
	(381, 61),
	(382, 73),
	(382, 13),
	(383, 10),
	(383, 73),
	(384, 73),
	(384, 41),
	(385, 71),
	(385, 73),
	(386, 15),
	(386, 13),
	(387, 18),
	(387, 71),
	(387, 10),
	(387, 41),
	(388, 15),
	(388, 57),
	(389, 44),
	(389, 71),
	(389, 28),
	(390, 71),
	(390, 28),
	(391, 71),
	(392, 71),
	(392, 18),
	(392, 10),
	(392, 13),
	(393, 61),
	(394, 73),
	(394, 13),
	(395, 71),
	(395, 28),
	(396, 44),
	(396, 71),
	(396, 28),
	(397, 21),
	(397, 71),
	(397, 41),
	(398, 21),
	(398, 10),
	(398, 73),
	(399, 44),
	(399, 71),
	(399, 32),
	(400, 15),
	(400, 11),
	(400, 13),
	(401, 18),
	(401, 10),
	(402, 58),
	(402, 71),
	(402, 28),
	(403, 71),
	(404, 18),
	(404, 10),
	(405, 71),
	(406, 71),
	(407, 18),
	(407, 10),
	(408, 71),
	(409, 18),
	(409, 19),
	(409, 10),
	(410, 40),
	(411, 61),
	(412, 18),
	(412, 10),
	(412, 73),
	(413, 61),
	(414, 61),
	(415, 8),
	(415, 73),
	(415, 41),
	(416, 11),
	(416, 71),
	(417, 18),
	(417, 10),
	(418, 18),
	(418, 10),
	(419, 71),
	(419, 13),
	(420, 14),
	(421, 15),
	(421, 11),
	(422, 71),
	(423, 36),
	(423, 13),
	(424, 71),
	(424, 28),
	(425, 71),
	(425, 28),
	(426, 15),
	(426, 11),
	(426, 55),
	(426, 21),
	(427, 15),
	(427, 71),
	(428, 18),
	(428, 15),
	(428, 71),
	(428, 10),
	(428, 20),
	(429, 44),
	(429, 73),
	(429, 41),
	(430, 73),
	(430, 13),
	(431, 58),
	(432, 18),
	(432, 10),
	(432, 4),
	(433, 44),
	(433, 71),
	(433, 28),
	(434, 16),
	(434, 13),
	(435, 61),
	(436, 18),
	(436, 10),
	(437, 71),
	(437, 20),
	(438, 15),
	(438, 10),
	(438, 73),
	(439, 11),
	(439, 58),
	(439, 71),
	(439, 13),
	(440, 18),
	(440, 10),
	(441, 15),
	(441, 8),
	(441, 41),
	(442, 40),
	(443, 8),
	(443, 44),
	(443, 71),
	(443, 32),
	(444, 18),
	(444, 10),
	(445, 71),
	(446, 61),
	(447, 18),
	(447, 10),
	(447, 73),
	(448, 73),
	(448, 41),
	(449, 40),
	(450, 71),
	(450, 13),
	(451, 8),
	(452, 36),
	(453, 71),
	(453, 13),
	(454, 71),
	(454, 28),
	(455, 61),
	(455, 44),
	(455, 71),
	(455, 28),
	(455, 13),
	(456, 18),
	(456, 10),
	(457, 18),
	(457, 10),
	(457, 41),
	(458, 15),
	(458, 21),
	(458, 13),
	(459, 36),
	(459, 15),
	(459, 8),
	(459, 71),
	(459, 10),
	(459, 73),
	(459, 40),
	(460, 71),
	(461, 10),
	(461, 73),
	(462, 18),
	(462, 10),
	(463, 44),
	(463, 71),
	(463, 13),
	(464, 18),
	(464, 10),
	(465, 18),
	(465, 10),
	(466, 13),
	(466, 17),
	(467, 18),
	(467, 10),
	(468, 8),
	(468, 10),
	(469, 10),
	(469, 73),
	(470, 73),
	(470, 41),
	(471, 21),
	(472, 15),
	(472, 73),
	(473, 71),
	(474, 10),
	(474, 17),
	(475, 36),
	(475, 18),
	(475, 10),
	(476, 10),
	(476, 73),
	(477, 71),
	(478, 18),
	(478, 10),
	(478, 73),
	(479, 8),
	(479, 71),
	(479, 13),
	(479, 41),
	(480, 18),
	(480, 10),
	(481, 73),
	(481, 13),
	(482, 18),
	(482, 10),
	(483, 61),
	(484, 18),
	(484, 10),
	(485, 73),
	(485, 13),
	(486, 40),
	(488, 8),
	(488, 13),
	(489, 18),
	(489, 10),
	(490, 71),
	(491, 15),
	(491, 71),
	(492, 71),
	(492, 13),
	(493, 36),
	(493, 61),
	(493, 15),
	(493, 55),
	(493, 21),
	(494, 14),
	(495, 18),
	(495, 10),
	(496, 18),
	(496, 10),
	(497, 44),
	(497, 73),
	(497, 41),
	(498, 10),
	(498, 73),
	(499, 18),
	(499, 10),
	(500, 40),
	(501, 18),
	(501, 10),
	(502, 71),
	(502, 58),
	(503, 36),
	(503, 13),
	(504, 18),
	(504, 10),
	(505, 71),
	(506, 10),
	(506, 73),
	(507, 73),
	(507, 13),
	(508, 20),
	(508, 48),
	(509, 18),
	(509, 10),
	(510, 10),
	(510, 73),
	(511, 15),
	(511, 19),
	(511, 48),
	(512, 71),
	(513, 8),
	(513, 71),
	(514, 15),
	(514, 71),
	(514, 13),
	(515, 73),
	(515, 41),
	(517, 18),
	(518, 71),
	(519, 73),
	(519, 41),
	(520, 36),
	(520, 71),
	(521, 18),
	(521, 10),
	(522, 18),
	(522, 19),
	(522, 10),
	(523, 71),
	(524, 10),
	(524, 73),
	(525, 8),
	(526, 58),
	(526, 71),
	(526, 13),
	(527, 71),
	(527, 13),
	(528, 73),
	(528, 41),
	(529, 71),
	(530, 71),
	(530, 18),
	(530, 10),
	(531, 71),
	(531, 48),
	(532, 10),
	(532, 73),
	(533, 73),
	(533, 41),
	(534, 18),
	(534, 44),
	(534, 10),
	(534, 14),
	(535, 18),
	(535, 15),
	(535, 8),
	(535, 10),
	(536, 15),
	(536, 71),
	(537, 18),
	(537, 10),
	(538, 8),
	(538, 13),
	(539, 71),
	(540, 15),
	(540, 71),
	(540, 13),
	(541, 44),
	(541, 57),
	(541, 20),
	(541, 48),
	(542, 71),
	(543, 10),
	(543, 73),
	(544, 18),
	(544, 10),
	(544, 73),
	(545, 18),
	(545, 15),
	(545, 8),
	(545, 71),
	(545, 28),
	(545, 10),
	(545, 40),
	(546, 71),
	(546, 73),
	(547, 71),
	(548, 18),
	(548, 10),
	(548, 73),
	(549, 8),
	(549, 13),
	(550, 10),
	(550, 73),
	(551, 18),
	(551, 10),
	(552, 11),
	(552, 58),
	(552, 71),
	(552, 13),
	(553, 55),
	(553, 21),
	(554, 71),
	(555, 73),
	(555, 41),
	(556, 8),
	(556, 21),
	(556, 71),
	(556, 73),
	(557, 11),
	(557, 58),
	(557, 71),
	(557, 13),
	(558, 15),
	(559, 66),
	(559, 28),
	(559, 48),
	(560, 71),
	(560, 13),
	(561, 18),
	(561, 15),
	(561, 10),
	(561, 73),
	(562, 21),
	(562, 71),
	(562, 29),
	(563, 18),
	(563, 10),
	(564, 18),
	(564, 10),
	(565, 36),
	(565, 41),
	(566, 8),
	(566, 44),
	(566, 41),
	(567, 8),
	(568, 18),
	(568, 10),
	(568, 73),
	(569, 44),
	(569, 71),
	(569, 28),
	(570, 18),
	(570, 10),
	(571, 71),
	(571, 28),
	(572, 18),
	(572, 15),
	(572, 21),
	(572, 10),
	(572, 20),
	(572, 73),
	(573, 58),
	(573, 48),
	(574, 61),
	(575, 14),
	(576, 71),
	(576, 13),
	(577, 8),
	(577, 7),
	(578, 10),
	(578, 73),
	(579, 15),
	(579, 44),
	(579, 73),
	(579, 41),
	(580, 36),
	(580, 10),
	(580, 13),
	(581, 18),
	(581, 10),
	(582, 58),
	(582, 71),
	(582, 13),
	(583, 18),
	(583, 10),
	(583, 73),
	(583, 17),
	(584, 71),
	(585, 10),
	(585, 73),
	(586, 21),
	(586, 71),
	(586, 29),
	(587, 58),
	(587, 71),
	(588, 18),
	(588, 15),
	(588, 8),
	(588, 10),
	(589, 61),
	(590, 61),
	(591, 18),
	(591, 71),
	(591, 28),
	(591, 10),
	(592, 18),
	(592, 10),
	(593, 71),
	(594, 71),
	(595, 61),
	(595, 15),
	(596, 44),
	(596, 32),
	(597, 14),
	(598, 73),
	(598, 35),
	(599, 18),
	(599, 10),
	(600, 36),
	(600, 13),
	(601, 8),
	(601, 10),
	(602, 73),
	(602, 41),
	(603, 58),
	(604, 10),
	(604, 73),
	(605, 71),
	(606, 14),
	(607, 44),
	(607, 41),
	(608, 15),
	(608, 44),
	(608, 73),
	(608, 41),
	(609, 10),
	(609, 73),
	(610, 18),
	(610, 10),
	(611, 71),
	(611, 14),
	(612, 16),
	(612, 71),
	(612, 13),
	(613, 44),
	(613, 71),
	(613, 13),
	(614, 18),
	(614, 71),
	(614, 10),
	(615, 71),
	(615, 13),
	(616, 18),
	(616, 19),
	(617, 11),
	(617, 21),
	(617, 38),
	(618, 16),
	(618, 13),
	(619, 10),
	(619, 73),
	(620, 66),
	(621, 18),
	(621, 10),
	(622, 18),
	(622, 10),
	(623, 71),
	(623, 14),
	(624, 44),
	(624, 28),
	(625, 8),
	(625, 13),
	(626, 18),
	(626, 10),
	(627, 44),
	(627, 71),
	(627, 28),
	(628, 15),
	(629, 73),
	(629, 41),
	(630, 18),
	(630, 10),
	(631, 18),
	(631, 4),
	(632, 36),
	(632, 15),
	(632, 8),
	(632, 71),
	(632, 10),
	(632, 73),
	(632, 40)
	