    (1, 90),
	(2, 183),
	(2, 98),
	(3, 1),
	(3, 30),
	(3, 90),
	(4, 71),
	(4, 81),
	(5, 71),
	(5, 118),
	(5, 90),
	(6, 183),
	(6, 141),
	(7, 90),
	(8, 183),
	(9, 90),
	(10, 183),
	(10, 141),
	(11, 1),
	(11, 30),
	(11, 90),
	(12, 183),
	(12, 134),
	(13, 183),
	(13, 148),
	(14, 1),
	(14, 28),
	(14, 90),
	(15, 136),
	(15, 186),
	(15, 90),
	(16, 183),
	(17, 183),
	(17, 184),
	(18, 183),
	(19, 108),
	(20, 71),
	(20, 80),
	(20, 90),
	(21, 96),
	(21, 90),
	(22, 186),
	(22, 47),
	(23, 1),
	(23, 3),
	(23, 90),
	(24, 183),
	(25, 150),
	(25, 91),
	(25, 90),
	(26, 108),
	(27, 183),
	(28, 150),
	(28, 91),
	(28, 90),
	(29, 183),
	(29, 134),
	(30, 1),
	(30, 20),
	(30, 90),
	(31, 90),
	(32, 186),
	(32, 95),
	(32, 90),
	(33, 188),
	(33, 90),
	(34, 1),
	(34, 12),
	(34, 90),
	(35, 1),
	(35, 92),
	(35, 90),
	(36, 96),
	(36, 90),
	(37, 183),
	(37, 98),
	(38, 71),
	(38, 80),
	(38, 90),
	(39, 1),
	(39, 67),
	(39, 90),
	(40, 150),
	(40, 91),
	(40, 90),
	(41, 150),
	(41, 155),
	(42, 1),
	(42, 44),
	(42, 90),
	(43, 150),
	(43, 91),
	(43, 90),
	(44, 96),
	(44, 90),
	(45, 183),
	(45, 141),
	(45, 90),
	(46, 90),
	(47, 186),
	(47, 95),
	(47, 90),
	(48, 183),
	(48, 134),
	(49, 186),
	(49, 95),
	(49, 90),
	(50, 183),
	(50, 186),
	(51, 1),
	(51, 33),
	(51, 90),
	(52, 1),
	(52, 92),
	(52, 90),
	(53, 183),
	(53, 184),
	(54, 1),
	(54, 14),
	(54, 90),
	(55, 183),
	(55, 141),
	(56, 94),
	(56, 90),
	(57, 1),
	(57, 33),
	(57, 90),
	(58, 108),
	(59, 90),
	(60, 71),
	(60, 82),
	(60, 90),
	(61, 1),
	(61, 27),
	(61, 90),
	(62, 96),
	(62, 90),
	(63, 183),
	(64, 1),
	(64, 12),
	(64, 90),
	(65, 71),
	(65, 80),
	(65, 90),
	(66, 183),
	(66, 134),
	(67, 1),
	(67, 12),
	(67, 90),
	(68, 1),
	(68, 6),
	(68, 90),
	(69, 71),
	(69, 121),
	(69, 90),
	(70, 96),
	(70, 90),
	(71, 183),
	(71, 148),
	(72, 183),
	(72, 141),
	(73, 112),
	(74, 90),
	(75, 186),
	(75, 90),
	(76, 71),
	(76, 88),
	(76, 90),
	(77, 1),
	(77, 4),
	(77, 90),
	(78, 183),
	(78, 141),
	(79, 90),
	(80, 90),
	(81, 1),
	(81, 27),
	(81, 90),
	(82, 1),
	(82, 20),
	(82, 90),
	(83, 150),
	(83, 91),
	(83, 90),
	(84, 1),
	(84, 35),
	(84, 90),
	(85, 183),
	(86, 108),
	(87, 186),
	(87, 90),
	(88, 90),
	(88, 183),
	(88, 141),
	(88, 185),
	(89, 150),
	(89, 91),
	(89, 90),
	(90, 186),
	(90, 95),
	(90, 90),
	(91, 183),
	(91, 113),
	(92, 183),
	(92, 98),
	(93, 183),
	(93, 98),
	(94, 1),
	(94, 11),
	(94, 90),
	(95, 183),
	(96, 183),
	(96, 177),
	(97, 71),
	(97, 124),
	(97, 90),
	(98, 90),
	(99, 96),
	(99, 90),
	(100, 96),
	(100, 90),
	(101, 96),
	(101, 90),
	(102, 1),
	(102, 27),
	(102, 90),
	(103, 1),
	(103, 30),
	(103, 90),
	(104, 136),
	(104, 90),
	(105, 1),
	(105, 12),
	(105, 90),
	(106, 1),
	(106, 20),
	(106, 90),
	(107, 96),
	(107, 90),
	(108, 183),
	(108, 134),
	(109, 1),
	(109, 32),
	(109, 90),
	(110, 1),
	(110, 27),
	(110, 90),
	(111, 148),
	(111, 90),
	(112, 1),
	(112, 92),
	(112, 90),
	(114, 96),
	(114, 90),
	(115, 183),
	(115, 113),
	(116, 90),
	(117, 183),
	(118, 71),
	(118, 79),
	(119, 150),
	(119, 91),
	(119, 90),
	(120, 150),
	(120, 90),
	(121, 1),
	(121, 34),
	(121, 90),
	(122, 1),
	(122, 28),
	(122, 90),
	(123, 186),
	(123, 156),
	(123, 90),
	(124, 136),
	(124, 90),
	(125, 71),
	(125, 80),
	(125, 90),
	(126, 1),
	(126, 32),
	(127, 1),
	(127, 26),
	(127, 90),
	(128, 1),
	(128, 10),
	(128, 90),
	(129, 183),
	(129, 141),
	(130, 150),
	(130, 91),
	(130, 90),
	(131, 1),
	(131, 175),
	(132, 183),
	(133, 1),
	(133, 23),
	(133, 90),
	(134, 148),
	(134, 90),
	(135, 94),
	(135, 90),
	(136, 186),
	(136, 156),
	(136, 90),
	(137, 183),
	(137, 141),
	(139, 183),
	(140, 71),
	(140, 80),
	(140, 90),
	(141, 71),
	(141, 88),
	(141, 90),
	(142, 1),
	(142, 12),
	(142, 90),
	(143, 183),
	(143, 184),
	(144, 1),
	(144, 26),
	(144, 90),
	(145, 90),
	(146, 71),
	(146, 89),
	(146, 90),
	(147, 183),
	(147, 148),
	(148, 183),
	(148, 98),
	(149, 183),
	(150, 90),
	(151, 183),
	(152, 148),
	(152, 90),
	(153, 183),
	(153, 141),
	(154, 71),
	(154, 125),
	(154, 90),
	(155, 108),
	(156, 90),
	(156, 183),
	(156, 141),
	(156, 185),
	(157, 71),
	(157, 124),
	(157, 90),
	(158, 186),
	(158, 95),
	(158, 90),
	(159, 71),
	(159, 127),
	(159, 90),
	(160, 1),
	(160, 32),
	(160, 90),
	(161, 90),
	(162, 186),
	(163, 1),
	(163, 30),
	(163, 90),
	(164, 150),
	(164, 90),
	(165, 186),
	(165, 90),
	(166, 183),
	(167, 71),
	(167, 80),
	(167, 90),
	(168, 183),
	(168, 178),
	(169, 1),
	(169, 27),
	(169, 90),
	(170, 150),
	(170, 155),
	(171, 1),
	(171, 25),
	(171, 90),
	(172, 90),
	(173, 71),
	(173, 79),
	(173, 90),
	(174, 96),
	(174, 90),
	(175, 1),
	(175, 26),
	(175, 90),
	(176, 183),
	(177, 183),
	(178, 90),
	(179, 108),
	(180, 1),
	(180, 28),
	(180, 90),
	(182, 183),
	(182, 134),
	(183, 90),
	(184, 71),
	(184, 117),
	(184, 90),
	(185, 112),
	(186, 90),
	(187, 183),
	(188, 150),
	(188, 91),
	(188, 90),
	(189, 71),
	(189, 90),
	(190, 186),
	(190, 90),
	(192, 150),
	(192, 91),
	(192, 90),
	(193, 183),
	(194, 183),
	(194, 186),
	(195, 183),
	(195, 186),
	(196, 1),
	(196, 32),
	(196, 90),
	(197, 96),
	(197, 90),
	(198, 183),
	(198, 186),
	(198, 96),
	(199, 71),
	(199, 90),
	(199, 122),
	(200, 96),
	(200, 90),
	(201, 71),
	(201, 127),
	(201, 90),
	(202, 1),
	(202, 41),
	(202, 90),
	(203, 108),
	(204, 71),
	(204, 80),
	(204, 90),
	(205, 183),
	(205, 186),
	(206, 183),
	(207, 90),
	(208, 90),
	(208, 186),
	(209, 150),
	(209, 91),
	(209, 90),
	(210, 183),
	(211, 183),
	(212, 1),
	(212, 92),
	(212, 90),
	(213, 150),
	(213, 90),
	(214, 1),
	(214, 32),
	(214, 90),
	(215, 108),
	(216, 90),
	(217, 186),
	(217, 47),
	(218, 1),
	(218, 30),
	(218, 90),
	(219, 1),
	(219, 28),
	(219, 90),
	(220, 1),
	(220, 52),
	(220, 90),
	(221, 1),
	(221, 26),
	(221, 90),
	(222, 1),
	(222, 69),
	(222, 90),
	(223, 1),
	(223, 20),
	(224, 94),
	(224, 90),
	(225, 1),
	(225, 14),
	(225, 90),
	(226, 71),
	(226, 122),
	(226, 90),
	(227, 112),
	(228, 96),
	(228, 90),
	(229, 1),
	(229, 36),
	(229, 90),
	(230, 96),
	(230, 90),
	(231, 183),
	(231, 141),
	(232, 183),
	(232, 178),
	(233, 71),
	(233, 80),
	(233, 90),
	(234, 183),
	(234, 96),
	(234, 186),
	(235, 1),
	(235, 55),
	(235, 90),
	(236, 150),
	(236, 91),
	(236, 90),
	(237, 150),
	(237, 155),
	(238, 1),
	(238, 20),
	(238, 90),
	(239, 150),
	(239, 90),
	(240, 150),
	(240, 90),
	(241, 96),
	(241, 90),
	(242, 148),
	(242, 90),
	(243, 96),
	(243, 90),
	(244, 90),
	(244, 183),
	(244, 141),
	(244, 185),
	(245, 1),
	(245, 44),
	(245, 90),
	(246, 150),
	(246, 91),
	(246, 90),
	(247, 71),
	(247, 127),
	(247, 90),
	(248, 1),
	(248, 32),
	(248, 90),
	(249, 1),
	(249, 32),
	(249, 90),
	(250, 1),
	(250, 26),
	(250, 90),
	(251, 183),
	(251, 141),
	(252, 71),
	(252, 89),
	(252, 90),
	(253, 1),
	(253, 28),
	(253, 90),
	(254, 90),
	(254, 183),
	(254, 141),
	(254, 185),
	(255, 183),
	(256, 71),
	(256, 89),
	(256, 90),
	(257, 1),
	(257, 37),
	(257, 90),
	(258, 1),
	(258, 92),
	(258, 90),
	(259, 1),
	(259, 27),
	(259, 90),
	(260, 183),
	(260, 141),
	(261, 183),
	(261, 141),
	(262, 150),
	(262, 157),
	(262, 90),
	(263, 108),
	(264, 90),
	(265, 71),
	(265, 117),
	(265, 90),
	(266, 183),
	(266, 178),
	(267, 136),
	(267, 186),
	(267, 90),
	(268, 1),
	(268, 92),
	(268, 90),
	(270, 1),
	(270, 62),
	(270, 90),
	(271, 1),
	(271, 9),
	(271, 90),
	(272, 136),
	(272, 90),
	(273, 136),
	(273, 186),
	(273, 90),
	(274, 183),
	(274, 141),
	(275, 183),
	(275, 177),
	(276, 90),
	(277, 90),
	(277, 186),
	(278, 96),
	(278, 90),
	(279, 150),
	(279, 91),
	(279, 90),
	(280, 112),
	(281, 1),
	(281, 17),
	(281, 22),
	(282, 183),
	(283, 1),
	(283, 27),
	(283, 90),
	(284, 1),
	(284, 20),
	(284, 90),
	(285, 183),
	(285, 134),
	(285, 179),
	(286, 71),
	(286, 127),
	(286, 90),
	(287, 1),
	(287, 12),
	(287, 90),
	(288, 1),
	(288, 32),
	(288, 90),
	(289, 1),
	(289, 28),
	(289, 90),
	(290, 1),
	(290, 22),
	(290, 90),
	(291, 71),
	(291, 80),
	(291, 90),
	(292, 1),
	(292, 19),
	(292, 90),
	(293, 183),
	(293, 98),
	(294, 1),
	(294, 92),
	(294, 90),
	(295, 71),
	(295, 117),
	(295, 90),
	(296, 183),
	(296, 98),
	(297, 183),
	(297, 141),
	(298, 96),
	(298, 90),
	(299, 186),
	(299, 95),
	(299, 90),
	(300, 183),
	(300, 178),
	(301, 96),
	(301, 90),
	(302, 183),
	(302, 134),
	(303, 71),
	(303, 118),
	(303, 90),
	(304, 71),
	(304, 76),
	(304, 90),
	(305, 1),
	(305, 10),
	(305, 90),
	(306, 112),
	(307, 108),
	(308, 90),
	(309, 71),
	(309, 128),
	(309, 90),
	(310, 71),
	(310, 117),
	(310, 90),
	(311, 96),
	(311, 90),
	(312, 1),
	(312, 8),
	(312, 90),
	(313, 71),
	(313, 80),
	(313, 90),
	(314, 71),
	(314, 90),
	(315, 1),
	(315, 26),
	(315, 90),
	(316, 183),
	(317, 1),
	(317, 35),
	(317, 90),
	(318, 1),
	(318, 4),
	(318, 90),
	(319, 150),
	(319, 90),
	(320, 1),
	(320, 39),
	(320, 90),
	(321, 1),
	(321, 92),
	(321, 90),
	(322, 108),
	(322, 90),
	(323, 183),
	(323, 186),
	(324, 1),
	(324, 66),
	(324, 90),
	(325, 183),
	(325, 148),
	(326, 1),
	(326, 28),
	(326, 90),
	(327, 71),
	(327, 90),
	(327, 122),
	(328, 1),
	(328, 20),
	(328, 90),
	(329, 183),
	(329, 148),
	(330, 150),
	(330, 91),
	(330, 90),
	(331, 183),
	(331, 180),
	(332, 183),
	(333, 150),
	(334, 1),
	(334, 53),
	(334, 90),
	(335, 71),
	(335, 85),
	(336, 183),
	(336, 113),
	(337, 108),
	(338, 183),
	(338, 134),
	(339, 150),
	(339, 91),
	(339, 90),
	(340, 90),
	(341, 148),
	(341, 90),
	(342, 1),
	(342, 27),
	(342, 90),
	(343, 1),
	(343, 30),
	(343, 90),
	(344, 90),
	(345, 186),
	(345, 95),
	(345, 90),
	(346, 71),
	(346, 118),
	(346, 90),
	(347, 1),
	(347, 20),
	(347, 90),
	(348, 186),
	(348, 47),
	(349, 71),
	(349, 124),
	(349, 90),
	(350, 1),
	(350, 92),
	(350, 90),
	(351, 71),
	(351, 88),
	(351, 90),
	(352, 183),
	(352, 90),
	(353, 71),
	(353, 119),
	(353, 90),
	(354, 90),
	(355, 1),
	(355, 20),
	(355, 90),
	(356, 71),
	(356, 117),
	(356, 90),
	(357, 186),
	(357, 95),
	(357, 90),
	(358, 183),
	(359, 71),
	(359, 126),
	(359, 90),
	(360, 150),
	(360, 91),
	(360, 90),
	(361, 183),
	(361, 184),
	(362, 96),
	(362, 90),
	(363, 150),
	(363, 90),
	(364, 71),
	(364, 121),
	(364, 90),
	(366, 1),
	(366, 21),
	(366, 90),
	(368, 1),
	(368, 49),
	(369, 1),
	(369, 92),
	(369, 90),
	(370, 90),
	(371, 1),
	(371, 92),
	(371, 90),
	(372, 112),
	(372, 90),
	(373, 1),
	(373, 3),
	(373, 32),
	(373, 90),
	(374, 1),
	(374, 29),
	(374, 90),
	(375, 90),
	(376, 108),
	(377, 1),
	(377, 26),
	(377, 90),
	(378, 183),
	(378, 141),
	(379, 1),
	(379, 175),
	(380, 108),
	(381, 90),
	(382, 96),
	(382, 90),
	(383, 71),
	(383, 81),
	(384, 150),
	(384, 91),
	(384, 90),
	(385, 94),
	(385, 90),
	(386, 96),
	(386, 90),
	(387, 150),
	(387, 91),
	(387, 90),
	(388, 1),
	(388, 92),
	(388, 90),
	(389, 112),
	(390, 183),
	(391, 183),
	(391, 134),
	(392, 183),
	(392, 96),
	(392, 186),
	(393, 90),
	(394, 96),
	(394, 90),
	(395, 183),
	(396, 108),
	(397, 150),
	(397, 91),
	(397, 90),
	(398, 71),
	(398, 80),
	(398, 90),
	(399, 71),
	(399, 117),
	(399, 90),
	(400, 96),
	(400, 90),
	(401, 1),
	(401, 13),
	(401, 90),
	(402, 183),
	(403, 183),
	(404, 1),
	(404, 45),
	(404, 90),
	(405, 183),
	(406, 183),
	(407, 1),
	(407, 27),
	(407, 90),
	(408, 183),
	(408, 98),
	(409, 1),
	(409, 6),
	(409, 90),
	(410, 183),
	(410, 148),
	(411, 90),
	(412, 1),
	(412, 28),
	(412, 90),
	(413, 186),
	(413, 156),
	(413, 90),
	(414, 90),
	(415, 150),
	(415, 90),
	(416, 183),
	(417, 1),
	(417, 20),
	(417, 90),
	(418, 186),
	(418, 47),
	(419, 186),
	(419, 95),
	(419, 90),
	(420, 183),
	(420, 141),
	(421, 1),
	(421, 30),
	(422, 183),
	(422, 134),
	(422, 179),
	(423, 186),
	(423, 90),
	(424, 183),
	(425, 183),
	(426, 181),
	(426, 90),
	(427, 90),
	(428, 1),
	(428, 92),
	(428, 90),
	(429, 150),
	(429, 91),
	(429, 90),
	(430, 96),
	(430, 90),
	(431, 183),
	(431, 177),
	(432, 1),
	(432, 21),
	(432, 90),
	(433, 108),
	(434, 136),
	(434, 186),
	(434, 90),
	(435, 90),
	(436, 1),
	(436, 27),
	(436, 90),
	(437, 183),
	(437, 178),
	(438, 71),
	(438, 88),
	(438, 90),
	(439, 183),
	(439, 186),
	(440, 1),
	(440, 68),
	(440, 90),
	(441, 150),
	(441, 90),
	(442, 183),
	(442, 148),
	(443, 71),
	(443, 117),
	(443, 90),
	(444, 1),
	(444, 24),
	(444, 90),
	(445, 183),
	(445, 134),
	(446, 90),
	(447, 1),
	(447, 12),
	(447, 90),
	(448, 150),
	(448, 91),
	(448, 90),
	(449, 183),
	(449, 148),
	(450, 90),
	(451, 136),
	(451, 90),
	(452, 1),
	(452, 30),
	(452, 90),
	(453, 186),
	(453, 95),
	(453, 90),
	(454, 183),
	(455, 186),
	(455, 90),
	(456, 1),
	(456, 65),
	(456, 90),
	(457, 150),
	(457, 90),
	(458, 96),
	(458, 90),
	(459, 148),
	(459, 90),
	(460, 183),
	(461, 71),
	(461, 87),
	(461, 90),
	(462, 1),
	(462, 52),
	(462, 90),
	(463, 96),
	(463, 90),
	(464, 1),
	(464, 32),
	(464, 90),
	(465, 1),
	(465, 20),
	(465, 90),
	(466, 96),
	(466, 90),
	(467, 1),
	(467, 61),
	(467, 90),
	(468, 1),
	(468, 92),
	(468, 90),
	(469, 71),
	(469, 88),
	(470, 150),
	(470, 91),
	(470, 90),
	(471, 183),
	(471, 106),
	(471, 90),
	(472, 90),
	(473, 94),
	(473, 90),
	(474, 1),
	(474, 10),
	(474, 90),
	(475, 1),
	(475, 32),
	(475, 90),
	(476, 71),
	(477, 183),
	(478, 1),
	(478, 26),
	(478, 90),
	(479, 150),
	(479, 91),
	(479, 90),
	(480, 1),
	(480, 26),
	(480, 90),
	(481, 96),
	(481, 90),
	(482, 1),
	(482, 4),
	(482, 90),
	(483, 186),
	(483, 156),
	(483, 90),
	(484, 1),
	(484, 46),
	(484, 90),
	(485, 96),
	(485, 90),
	(486, 183),
	(486, 148),
	(487, 112),
	(488, 96),
	(488, 90),
	(489, 1),
	(489, 27),
	(489, 90),
	(490, 183),
	(490, 98),
	(491, 183),
	(492, 186),
	(492, 90),
	(493, 90),
	(494, 183),
	(494, 141),
	(495, 1),
	(495, 12),
	(496, 1),
	(496, 90),
	(497, 150),
	(497, 91),
	(497, 90),
	(498, 71),
	(498, 85),
	(498, 90),
	(499, 1),
	(499, 48),
	(499, 90),
	(500, 183),
	(500, 148),
	(501, 1),
	(501, 14),
	(501, 90),
	(502, 183),
	(502, 136),
	(503, 96),
	(503, 90),
	(504, 1),
	(504, 20),
	(504, 90),
	(505, 183),
	(505, 134),
	(505, 179),
	(506, 71),
	(506, 88),
	(506, 90),
	(507, 96),
	(507, 90),
	(508, 71),
	(508, 118),
	(508, 90),
	(509, 1),
	(509, 6),
	(509, 18),
	(510, 71),
	(510, 80),
	(511, 71),
	(511, 127),
	(511, 90),
	(512, 183),
	(512, 98),
	(513, 90),
	(514, 96),
	(514, 90),
	(515, 150),
	(515, 91),
	(515, 90),
	(516, 112),
	(517, 1),
	(517, 20),
	(517, 90),
	(518, 183),
	(519, 150),
	(519, 90),
	(520, 183),
	(520, 178),
	(521, 1),
	(521, 21),
	(521, 90),
	(522, 90),
	(523, 183),
	(523, 178),
	(524, 71),
	(524, 79),
	(525, 90),
	(526, 183),
	(526, 186),
	(527, 186),
	(527, 90),
	(528, 150),
	(528, 91),
	(528, 90),
	(529, 183),
	(529, 98),
	(530, 183),
	(531, 183),
	(531, 113),
	(532, 71),
	(532, 87),
	(532, 90),
	(533, 150),
	(533, 91),
	(533, 90),
	(534, 183),
	(535, 1),
	(535, 32),
	(535, 90),
	(536, 182),
	(536, 90),
	(537, 1),
	(537, 12),
	(537, 90),
	(538, 90),
	(539, 183),
	(539, 134),
	(539, 179),
	(540, 90),
	(542, 183),
	(542, 134),
	(543, 71),
	(544, 1),
	(544, 12),
	(544, 90),
	(545, 148),
	(545, 90),
	(546, 183),
	(547, 183),
	(547, 134),
	(548, 1),
	(548, 27),
	(548, 90),
	(549, 96),
	(549, 90),
	(550, 71),
	(550, 80),
	(550, 90),
	(551, 1),
	(551, 60),
	(551, 90),
	(552, 183),
	(552, 186),
	(553, 90),
	(554, 183),
	(554, 134),
	(555, 150),
	(555, 91),
	(555, 90),
	(556, 90),
	(557, 183),
	(557, 186),
	(558, 94),
	(558, 90),
	(559, 71),
	(559, 120),
	(559, 90),
	(560, 183),
	(560, 186),
	(561, 1),
	(561, 30),
	(561, 90),
	(562, 90),
	(563, 1),
	(563, 5),
	(563, 90),
	(564, 1),
	(564, 16),
	(564, 90),
	(565, 150),
	(565, 91),
	(565, 90),
	(566, 150),
	(566, 91),
	(566, 90),
	(567, 136),
	(567, 90),
	(568, 1),
	(568, 32),
	(568, 90),
	(569, 108),
	(570, 1),
	(570, 42),
	(570, 90),
	(571, 183),
	(572, 1),
	(572, 30),
	(572, 90),
	(573, 183),
	(573, 113),
	(574, 90),
	(575, 183),
	(576, 186),
	(576, 95),
	(576, 90),
	(577, 71),
	(577, 122),
	(577, 90),
	(578, 71),
	(578, 86),
	(578, 90),
	(579, 150),
	(579, 91),
	(579, 90),
	(580, 96),
	(580, 90),
	(581, 1),
	(581, 30),
	(581, 90),
	(582, 183),
	(582, 186),
	(583, 71),
	(583, 88),
	(584, 183),
	(584, 134),
	(585, 71),
	(585, 81),
	(585, 90),
	(586, 90),
	(587, 183),
	(588, 1),
	(588, 27),
	(588, 90),
	(589, 90),
	(590, 90),
	(591, 183),
	(591, 107),
	(592, 1),
	(592, 26),
	(592, 90),
	(593, 183),
	(593, 98),
	(594, 183),
	(594, 134),
	(595, 1),
	(595, 30),
	(595, 90),
	(596, 71),
	(596, 129),
	(596, 90),
	(597, 183),
	(597, 141),
	(598, 71),
	(598, 125),
	(598, 90),
	(599, 1),
	(599, 40),
	(599, 90),
	(600, 96),
	(600, 90),
	(601, 1),
	(601, 92),
	(601, 90),
	(602, 150),
	(602, 90),
	(603, 183),
	(603, 177),
	(604, 71),
	(604, 86),
	(605, 183),
	(605, 134),
	(606, 183),
	(606, 141),
	(607, 150),
	(607, 91),
	(607, 90),
	(608, 150),
	(608, 91),
	(608, 90),
	(609, 71),
	(609, 107),
	(609, 90),
	(610, 1),
	(610, 26),
	(610, 90),
	(611, 183),
	(611, 141),
	(612, 186),
	(612, 90),
	(613, 96),
	(613, 90),
	(614, 183),
	(614, 186),
	(615, 186),
	(616, 1),
	(616, 92),
	(616, 90),
	(617, 71),
	(617, 124),
	(617, 90),
	(618, 136),
	(618, 186),
	(618, 90),
	(619, 71),
	(619, 89),
	(619, 90),
	(620, 90),
	(621, 1),
	(621, 20),
	(621, 90),
	(622, 1),
	(622, 70),
	(622, 90),
	(623, 90),
	(623, 183),
	(623, 141),
	(623, 185),
	(624, 90),
	(625, 96),
	(625, 90),
	(626, 1),
	(626, 12),
	(626, 90),
	(627, 183),
	(627, 105),
	(627, 90),
	(628, 183),
	(628, 105),
	(628, 90),
	(629, 150),
	(629, 91),
	(629, 90),
	(630, 1),
	(630, 31),
	(630, 90),
	(631, 1),
	(631, 21),
	(631, 90),
	(632, 148),
	(632, 90)