(9, 8),
	(36, 4),
	(56, 8),
	(73, 12),
	(75, 7),
	(77, 12),
	(82, 12),
	(87, 7),
	(99, 8),
	(112, 9),
	(112, 13),
	(116, 8),
	(142, 12),
	(145, 7),
	(152, 5),
	(159, 1),
	(159, 8),
	(179, 6),
	(180, 12),
	(188, 8),
	(192, 8),
	(208, 11),
	(212, 8),
	(216, 8),
	(218, 3),
	(218, 14),
	(224, 5),
	(224, 9),
	(225, 12),
	(227, 12),
	(252, 7),
	(258, 5),
	(280, 12),
	(281, 14),
	(283, 12),
	(305, 12),
	(334, 13),
	(340, 1),
	(346, 7),
	(346, 13),
	(350, 9),
	(354, 12),
	(366, 5),
	(373, 12),
	(386, 2),
	(397, 4),
	(409, 11),
	(414, 8),
	(423, 11),
	(427, 13),
	(428, 1),
	(428, 10),
	(428, 13),
	(428, 14),
	(450, 2),
	(450, 5),
	(450, 7),
	(450, 9),
	(450, 10),
	(450, 11),
	(450, 15),
	(466, 11),
	(471, 8),
	(472, 8),
	(493, 2),
	(497, 9),
	(497, 13),
	(511, 14),
	(522, 3),
	(536, 7),
	(545, 2),
	(558, 2),
	(592, 12),
	(595, 7),
	(602, 11),
	(616, 9),
	(624, 4),
	(628, 13),
	(631, 5)
	