(1, 228),
	(3, 8),
	(3, 24),
	(3, 211),
	(3, 254),
	(5, 24),
	(5, 165),
	(7, 165),
	(9, 24),
	(9, 165),
	(9, 168),
	(9, 185),
	(9, 228),
	(11, 28),
	(11, 51),
	(11, 52),
	(11, 62),
	(11, 67),
	(11, 75),
	(11, 83),
	(11, 165),
	(11, 166),
	(11, 172),
	(11, 220),
	(14, 162),
	(15, 165),
	(20, 221),
	(21, 170),
	(21, 185),
	(23, 162),
	(25, 68),
	(25, 221),
	(28, 62),
	(28, 166),
	(28, 213),
	(28, 220),
	(30, 162),
	(30, 185),
	(31, 165),
	(33, 164),
	(33, 165),
	(33, 185),
	(33, 221),
	(34, 162),
	(34, 185),
	(38, 221),
	(39, 162),
	(40, 221),
	(41, 238),
	(42, 165),
	(43, 221),
	(44, 227),
	(46, 15),
	(46, 238),
	(47, 8),
	(51, 162),
	(54, 162),
	(56, 57),
	(56, 67),
	(56, 203),
	(56, 212),
	(56, 273),
	(57, 43),
	(57, 162),
	(58, 24),
	(58, 165),
	(59, 8),
	(61, 221),
	(62, 221),
	(64, 162),
	(65, 221),
	(67, 162),
	(67, 221),
	(68, 162),
	(73, 164),
	(74, 165),
	(75, 24),
	(76, 34),
	(76, 165),
	(77, 162),
	(79, 124),
	(79, 160),
	(79, 184),
	(79, 259),
	(80, 15),
	(80, 106),
	(81, 162),
	(82, 162),
	(84, 162),
	(87, 24),
	(87, 165),
	(88, 8),
	(88, 15),
	(89, 64),
	(89, 68),
	(89, 221),
	(89, 232),
	(94, 162),
	(97, 187),
	(98, 24),
	(98, 165),
	(101, 221),
	(102, 165),
	(103, 127),
	(103, 221),
	(105, 165),
	(106, 165),
	(107, 218),
	(109, 162),
	(110, 162),
	(112, 197),
	(112, 266),
	(116, 144),
	(116, 165),
	(119, 210),
	(120, 106),
	(121, 162),
	(122, 162),
	(123, 77),
	(125, 221),
	(126, 165),
	(127, 162),
	(127, 185),
	(128, 162),
	(130, 221),
	(131, 162),
	(133, 162),
	(136, 77),
	(140, 221),
	(142, 162),
	(144, 162),
	(145, 144),
	(145, 234),
	(146, 132),
	(146, 221),
	(146, 270),
	(152, 185),
	(155, 24),
	(155, 165),
	(156, 104),
	(157, 121),
	(159, 228),
	(160, 162),
	(160, 221),
	(161, 165),
	(163, 221),
	(164, 7),
	(164, 81),
	(164, 129),
	(164, 194),
	(164, 234),
	(165, 165),
	(167, 221),
	(169, 162),
	(170, 73),
	(170, 160),
	(171, 162),
	(174, 7),
	(175, 162),
	(178, 165),
	(180, 162),
	(183, 165),
	(184, 221),
	(196, 221),
	(197, 145),
	(200, 221),
	(202, 162),
	(204, 221),
	(207, 165),
	(212, 165),
	(214, 162),
	(216, 203),
	(219, 165),
	(220, 162),
	(221, 162),
	(222, 162),
	(223, 165),
	(225, 162),
	(227, 164),
	(229, 162),
	(233, 221),
	(235, 162),
	(238, 162),
	(244, 165),
	(245, 162),
	(246, 221),
	(248, 165),
	(249, 162),
	(250, 162),
	(252, 165),
	(252, 270),
	(253, 162),
	(254, 15),
	(256, 270),
	(257, 162),
	(258, 165),
	(258, 213),
	(259, 162),
	(259, 221),
	(262, 8),
	(264, 160),
	(267, 165),
	(269, 77),
	(270, 162),
	(271, 162),
	(273, 165),
	(276, 165),
	(279, 24),
	(279, 68),
	(279, 221),
	(280, 164),
	(281, 162),
	(281, 173),
	(283, 162),
	(284, 162),
	(287, 162),
	(288, 162),
	(289, 162),
	(289, 185),
	(290, 162),
	(291, 221),
	(292, 162),
	(298, 221),
	(304, 165),
	(305, 162),
	(307, 24),
	(307, 165),
	(308, 26),
	(308, 165),
	(310, 24),
	(311, 221),
	(312, 162),
	(313, 221),
	(315, 162),
	(317, 162),
	(318, 162),
	(319, 231),
	(320, 162),
	(322, 165),
	(324, 162),
	(326, 162),
	(327, 221),
	(327, 228),
	(328, 221),
	(330, 8),
	(330, 221),
	(334, 8),
	(334, 162),
	(339, 165),
	(340, 165),
	(342, 162),
	(344, 165),
	(344, 168),
	(347, 162),
	(349, 8),
	(349, 165),
	(349, 221),
	(351, 132),
	(351, 144),
	(351, 221),
	(354, 164),
	(354, 165),
	(355, 162),
	(363, 259),
	(364, 270),
	(365, 204),
	(365, 221),
	(366, 162),
	(367, 8),
	(367, 165),
	(368, 162),
	(370, 150),
	(371, 204),
	(372, 24),
	(372, 165),
	(373, 162),
	(374, 162),
	(375, 8),
	(375, 100),
	(377, 221),
	(379, 162),
	(380, 24),
	(380, 165),
	(381, 165),
	(382, 221),
	(384, 221),
	(386, 8),
	(388, 10),
	(393, 165),
	(393, 185),
	(394, 221),
	(397, 165),
	(398, 221),
	(400, 62),
	(400, 166),
	(401, 162),
	(404, 162),
	(407, 162),
	(409, 162),
	(411, 77),
	(411, 165),
	(412, 162),
	(413, 77),
	(414, 165),
	(414, 228),
	(415, 8),
	(415, 118),
	(415, 125),
	(417, 162),
	(417, 221),
	(421, 8),
	(421, 100),
	(421, 121),
	(421, 165),
	(426, 160),
	(426, 184),
	(427, 165),
	(428, 54),
	(428, 125),
	(428, 129),
	(428, 203),
	(428, 259),
	(430, 221),
	(432, 162),
	(434, 165),
	(435, 77),
	(435, 165),
	(436, 162),
	(440, 162),
	(441, 231),
	(444, 162),
	(446, 77),
	(446, 165),
	(447, 221),
	(450, 8),
	(450, 24),
	(450, 73),
	(450, 162),
	(450, 185),
	(450, 228),
	(450, 256),
	(452, 234),
	(455, 24),
	(455, 165),
	(456, 162),
	(458, 259),
	(462, 162),
	(462, 165),
	(463, 34),
	(464, 24),
	(464, 165),
	(465, 162),
	(466, 144),
	(467, 162),
	(470, 221),
	(472, 256),
	(472, 284),
	(474, 162),
	(475, 162),
	(478, 221),
	(479, 185),
	(480, 165),
	(481, 221),
	(482, 162),
	(483, 77),
	(484, 162),
	(485, 221),
	(489, 162),
	(492, 8),
	(492, 104),
	(493, 8),
	(493, 67),
	(493, 160),
	(493, 162),
	(493, 165),
	(493, 184),
	(493, 189),
	(493, 256),
	(495, 165),
	(496, 162),
	(499, 162),
	(501, 162),
	(506, 221),
	(507, 221),
	(513, 165),
	(515, 221),
	(517, 162),
	(519, 221),
	(521, 162),
	(522, 165),
	(525, 15),
	(528, 221),
	(533, 221),
	(535, 162),
	(535, 185),
	(536, 187),
	(537, 162),
	(538, 15),
	(538, 57),
	(540, 8),
	(540, 165),
	(540, 185),
	(541, 10),
	(541, 24),
	(544, 162),
	(545, 8),
	(545, 24),
	(545, 64),
	(545, 106),
	(545, 153),
	(545, 203),
	(548, 162),
	(551, 162),
	(553, 160),
	(553, 259),
	(555, 221),
	(556, 221),
	(558, 8),
	(558, 165),
	(559, 191),
	(561, 87),
	(561, 96),
	(561, 106),
	(561, 266),
	(563, 162),
	(564, 162),
	(566, 239),
	(567, 8),
	(568, 162),
	(569, 24),
	(569, 165),
	(570, 162),
	(572, 35),
	(572, 46),
	(572, 67),
	(572, 72),
	(572, 77),
	(572, 152),
	(572, 153),
	(572, 164),
	(572, 203),
	(572, 204),
	(572, 210),
	(572, 238),
	(572, 284),
	(574, 165),
	(579, 68),
	(579, 108),
	(579, 117),
	(583, 132),
	(583, 162),
	(588, 162),
	(588, 185),
	(589, 165),
	(590, 77),
	(590, 165),
	(592, 162),
	(595, 165),
	(599, 162),
	(608, 24),
	(608, 64),
	(608, 68),
	(608, 108),
	(608, 117),
	(608, 165),
	(608, 221),
	(608, 232),
	(609, 221),
	(610, 162),
	(613, 24),
	(615, 34),
	(615, 185),
	(617, 184),
	(617, 223),
	(617, 259),
	(618, 165),
	(619, 270),
	(621, 162),
	(622, 162),
	(623, 8),
	(623, 15),
	(626, 162),
	(627, 165),
	(628, 41),
	(628, 165),
	(629, 221),
	(630, 162),
	(631, 162)
	