(1, 1098),
	(1, 1100),
	(4, 695),
	(4, 702),
	(5, 1103),
	(5, 1118),
	(11, 41),
	(11, 79),
	(11, 113),
	(14, 41),
	(14, 122),
	(14, 142),
	(14, 156),
	(20, 1),
	(20, 31),
	(20, 41),
	(20, 48),
	(20, 167),
	(20, 1079),
	(20, 1085),
	(20, 1163),
	(23, 41),
	(23, 69),
	(23, 70),
	(23, 79),
	(25, 142),
	(25, 695),
	(25, 707),
	(25, 1079),
	(25, 1087),
	(30, 41),
	(30, 79),
	(30, 103),
	(30, 142),
	(34, 41),
	(34, 79),
	(34, 103),
	(34, 142),
	(38, 1),
	(38, 31),
	(38, 41),
	(38, 48),
	(38, 167),
	(38, 1079),
	(38, 1080),
	(38, 1085),
	(38, 1087),
	(38, 1089),
	(38, 1092),
	(38, 1163),
	(39, 142),
	(39, 144),
	(40, 1079),
	(40, 1087),
	(42, 142),
	(42, 158),
	(43, 1079),
	(43, 1080),
	(43, 1085),
	(43, 1087),
	(43, 1088),
	(43, 1089),
	(43, 1090),
	(43, 1092),
	(43, 1093),
	(43, 1094),
	(43, 1097),
	(51, 142),
	(51, 144),
	(52, 41),
	(52, 113),
	(54, 41),
	(54, 69),
	(54, 70),
	(54, 79),
	(56, 1),
	(56, 17),
	(56, 26),
	(56, 41),
	(56, 93),
	(57, 142),
	(58, 1103),
	(58, 1124),
	(60, 1),
	(60, 167),
	(60, 1163),
	(60, 1165),
	(61, 142),
	(61, 147),
	(61, 1079),
	(61, 1087),
	(62, 1079),
	(62, 1088),
	(64, 142),
	(64, 156),
	(65, 1),
	(65, 31),
	(65, 41),
	(65, 48),
	(65, 167),
	(65, 1079),
	(65, 1087),
	(65, 1163),
	(67, 41),
	(67, 79),
	(67, 142),
	(68, 142),
	(68, 144),
	(69, 142),
	(69, 152),
	(69, 163),
	(69, 892),
	(69, 970),
	(69, 1009),
	(75, 142),
	(76, 1),
	(76, 167),
	(76, 1163),
	(77, 41),
	(77, 79),
	(77, 142),
	(77, 144),
	(80, 142),
	(80, 150),
	(81, 41),
	(81, 79),
	(81, 142),
	(82, 41),
	(82, 79),
	(82, 142),
	(82, 144),
	(83, 1103),
	(83, 1119),
	(84, 41),
	(84, 79),
	(84, 142),
	(84, 144),
	(87, 142),
	(89, 1079),
	(89, 1080),
	(94, 142),
	(94, 144),
	(100, 1),
	(100, 6),
	(100, 1103),
	(100, 1117),
	(101, 1079),
	(101, 1080),
	(101, 1085),
	(101, 1087),
	(101, 1088),
	(101, 1089),
	(101, 1090),
	(101, 1092),
	(101, 1093),
	(101, 1094),
	(101, 1097),
	(102, 142),
	(102, 149),
	(103, 142),
	(103, 1079),
	(103, 1085),
	(104, 41),
	(104, 43),
	(104, 57),
	(105, 142),
	(105, 149),
	(106, 142),
	(106, 149),
	(109, 1),
	(109, 31),
	(109, 41),
	(109, 79),
	(109, 142),
	(109, 161),
	(110, 41),
	(110, 122),
	(110, 142),
	(110, 156),
	(112, 1),
	(112, 3),
	(112, 6),
	(112, 31),
	(114, 41),
	(114, 79),
	(114, 142),
	(118, 695),
	(118, 702),
	(121, 142),
	(121, 144),
	(122, 142),
	(122, 144),
	(124, 41),
	(124, 43),
	(124, 120),
	(125, 1),
	(125, 31),
	(125, 41),
	(125, 48),
	(125, 167),
	(125, 1079),
	(125, 1092),
	(125, 1163),
	(126, 142),
	(126, 164),
	(127, 41),
	(127, 79),
	(127, 103),
	(127, 142),
	(128, 142),
	(128, 144),
	(130, 1079),
	(130, 1092),
	(131, 41),
	(131, 79),
	(131, 142),
	(133, 142),
	(133, 144),
	(134, 142),
	(140, 1),
	(140, 31),
	(140, 41),
	(140, 48),
	(140, 167),
	(140, 1079),
	(140, 1080),
	(140, 1163),
	(141, 1),
	(141, 167),
	(141, 1163),
	(141, 1165),
	(142, 41),
	(142, 79),
	(142, 142),
	(142, 144),
	(144, 41),
	(144, 79),
	(144, 142),
	(144, 144),
	(146, 1079),
	(146, 1095),
	(155, 1103),
	(155, 1124),
	(159, 1),
	(159, 26),
	(159, 1103),
	(159, 1132),
	(159, 1134),
	(160, 41),
	(160, 79),
	(160, 142),
	(163, 142),
	(163, 1079),
	(163, 1087),
	(164, 142),
	(167, 1),
	(167, 31),
	(167, 41),
	(167, 48),
	(167, 167),
	(167, 1079),
	(167, 1085),
	(167, 1163),
	(169, 41),
	(169, 79),
	(169, 142),
	(171, 142),
	(171, 144),
	(173, 1),
	(173, 167),
	(173, 1163),
	(173, 1165),
	(174, 41),
	(174, 122),
	(175, 142),
	(175, 156),
	(180, 41),
	(180, 79),
	(180, 142),
	(180, 144),
	(181, 142),
	(181, 156),
	(183, 1098),
	(183, 1102),
	(184, 1079),
	(184, 1085),
	(189, 1103),
	(189, 1119),
	(196, 142),
	(196, 147),
	(196, 1079),
	(196, 1087),
	(200, 1079),
	(200, 1087),
	(202, 142),
	(202, 144),
	(204, 1),
	(204, 31),
	(204, 41),
	(204, 48),
	(204, 167),
	(204, 1079),
	(204, 1089),
	(204, 1163),
	(208, 142),
	(209, 142),
	(209, 150),
	(213, 142),
	(214, 142),
	(214, 156),
	(218, 41),
	(218, 79),
	(218, 142),
	(219, 142),
	(219, 149),
	(220, 142),
	(220, 144),
	(221, 41),
	(221, 122),
	(221, 142),
	(221, 156),
	(222, 142),
	(222, 144),
	(223, 142),
	(223, 164),
	(224, 142),
	(225, 41),
	(225, 79),
	(225, 142),
	(225, 144),
	(226, 1103),
	(226, 1127),
	(228, 41),
	(228, 69),
	(229, 142),
	(229, 144),
	(230, 41),
	(230, 79),
	(230, 142),
	(233, 1),
	(233, 31),
	(233, 41),
	(233, 48),
	(233, 167),
	(233, 1079),
	(233, 1087),
	(233, 1163),
	(235, 142),
	(235, 144),
	(237, 1103),
	(237, 1111),
	(238, 41),
	(238, 79),
	(238, 142),
	(240, 695),
	(240, 704),
	(241, 1103),
	(241, 1127),
	(243, 1103),
	(243, 1127),
	(245, 142),
	(245, 144),
	(246, 1079),
	(246, 1093),
	(247, 41),
	(247, 103),
	(247, 142),
	(248, 142),
	(248, 149),
	(249, 41),
	(249, 79),
	(249, 142),
	(249, 144),
	(250, 142),
	(250, 144),
	(253, 142),
	(253, 156),
	(256, 1),
	(256, 31),
	(257, 142),
	(257, 144),
	(259, 41),
	(259, 79),
	(259, 142),
	(262, 1),
	(262, 31),
	(264, 1098),
	(264, 1102),
	(265, 1),
	(265, 34),
	(270, 142),
	(270, 144),
	(271, 142),
	(271, 144),
	(272, 41),
	(272, 43),
	(272, 75),
	(277, 142),
	(277, 150),
	(278, 41),
	(278, 69),
	(279, 1079),
	(279, 1089),
	(279, 1103),
	(279, 1118),
	(281, 41),
	(281, 43),
	(281, 79),
	(281, 120),
	(281, 142),
	(281, 1156),
	(281, 1161),
	(283, 41),
	(283, 79),
	(283, 142),
	(283, 144),
	(284, 1),
	(284, 31),
	(284, 41),
	(284, 79),
	(284, 142),
	(284, 161),
	(286, 1),
	(286, 31),
	(286, 41),
	(286, 113),
	(286, 115),
	(286, 1103),
	(286, 1130),
	(287, 41),
	(287, 122),
	(287, 142),
	(287, 156),
	(288, 41),
	(288, 79),
	(288, 142),
	(289, 41),
	(289, 79),
	(289, 103),
	(289, 142),
	(290, 142),
	(290, 144),
	(291, 1),
	(291, 31),
	(291, 41),
	(291, 48),
	(291, 167),
	(291, 1079),
	(291, 1087),
	(291, 1163),
	(292, 142),
	(292, 144),
	(294, 41),
	(294, 113),
	(295, 41),
	(298, 1079),
	(298, 1093),
	(301, 1103),
	(301, 1127),
	(303, 41),
	(303, 48),
	(303, 103),
	(304, 41),
	(304, 48),
	(305, 41),
	(305, 79),
	(305, 142),
	(305, 144),
	(307, 1103),
	(307, 1124),
	(309, 1),
	(309, 31),
	(310, 1103),
	(310, 1118),
	(311, 1079),
	(311, 1094),
	(312, 142),
	(312, 144),
	(313, 1),
	(313, 31),
	(313, 41),
	(313, 48),
	(313, 167),
	(313, 1079),
	(313, 1080),
	(313, 1163),
	(314, 1103),
	(314, 1127),
	(315, 1),
	(315, 31),
	(315, 41),
	(315, 79),
	(315, 142),
	(315, 161),
	(317, 142),
	(317, 144),
	(318, 41),
	(318, 69),
	(318, 70),
	(318, 79),
	(319, 41),
	(319, 113),
	(320, 142),
	(320, 144),
	(321, 142),
	(324, 142),
	(324, 144),
	(326, 41),
	(326, 79),
	(326, 142),
	(326, 144),
	(327, 1),
	(327, 28),
	(327, 31),
	(327, 41),
	(327, 57),
	(327, 771),
	(327, 785),
	(327, 1079),
	(327, 1092),
	(327, 1103),
	(327, 1132),
	(327, 1134),
	(328, 142),
	(328, 147),
	(328, 1079),
	(328, 1087),
	(330, 1079),
	(330, 1085),
	(333, 41),
	(333, 48),
	(333, 103),
	(334, 142),
	(334, 144),
	(335, 1),
	(335, 167),
	(335, 695),
	(335, 702),
	(335, 1163),
	(342, 142),
	(342, 156),
	(343, 142),
	(343, 156),
	(346, 1),
	(346, 167),
	(346, 173),
	(347, 41),
	(347, 79),
	(347, 142),
	(347, 144),
	(349, 142),
	(349, 1079),
	(349, 1087),
	(351, 1),
	(351, 167),
	(351, 1079),
	(351, 1083),
	(351, 1091),
	(351, 1096),
	(351, 1163),
	(351, 1304),
	(351, 1307),
	(351, 1313),
	(351, 1317),
	(353, 1103),
	(353, 1121),
	(355, 41),
	(355, 122),
	(355, 142),
	(355, 156),
	(356, 1),
	(356, 34),
	(359, 1103),
	(359, 1127),
	(364, 41),
	(364, 125),
	(365, 1079),
	(365, 1092),
	(365, 1103),
	(365, 1117),
	(366, 142),
	(368, 142),
	(368, 158),
	(369, 142),
	(372, 1103),
	(372, 1124),
	(373, 41),
	(373, 79),
	(373, 142),
	(373, 144),
	(374, 142),
	(374, 144),
	(377, 142),
	(377, 147),
	(377, 1079),
	(377, 1087),
	(379, 41),
	(379, 79),
	(379, 142),
	(380, 1103),
	(380, 1124),
	(382, 1079),
	(382, 1085),
	(383, 695),
	(383, 702),
	(384, 1079),
	(384, 1094),
	(387, 142),
	(394, 1079),
	(394, 1080),
	(398, 1),
	(398, 31),
	(398, 41),
	(398, 48),
	(398, 167),
	(398, 1079),
	(398, 1089),
	(398, 1163),
	(401, 142),
	(401, 144),
	(404, 142),
	(404, 144),
	(407, 41),
	(407, 79),
	(407, 142),
	(409, 41),
	(409, 79),
	(409, 142),
	(409, 159),
	(412, 1),
	(412, 31),
	(412, 41),
	(412, 79),
	(412, 142),
	(412, 161),
	(415, 1),
	(415, 31),
	(417, 41),
	(417, 79),
	(417, 142),
	(423, 41),
	(423, 69),
	(428, 142),
	(430, 1079),
	(430, 1090),
	(432, 41),
	(432, 79),
	(432, 142),
	(436, 41),
	(436, 79),
	(436, 142),
	(436, 144),
	(438, 1),
	(438, 41),
	(438, 48),
	(438, 167),
	(438, 1163),
	(440, 142),
	(440, 144),
	(441, 41),
	(441, 113),
	(443, 1103),
	(443, 1120),
	(443, 1144),
	(443, 1146),
	(444, 142),
	(444, 144),
	(447, 142),
	(447, 147),
	(447, 1079),
	(447, 1087),
	(448, 1),
	(448, 31),
	(451, 41),
	(451, 43),
	(451, 62),
	(456, 142),
	(456, 144),
	(457, 142),
	(461, 1),
	(461, 167),
	(461, 695),
	(461, 702),
	(461, 1163),
	(462, 142),
	(462, 151),
	(465, 142),
	(465, 144),
	(467, 142),
	(467, 144),
	(468, 41),
	(468, 113),
	(469, 1),
	(469, 167),
	(469, 695),
	(469, 702),
	(469, 1163),
	(470, 1079),
	(470, 1085),
	(474, 41),
	(474, 69),
	(474, 70),
	(474, 79),
	(475, 41),
	(475, 122),
	(475, 142),
	(475, 156),
	(476, 1),
	(476, 167),
	(476, 1163),
	(476, 1165),
	(478, 142),
	(478, 147),
	(478, 1079),
	(478, 1087),
	(480, 142),
	(480, 149),
	(481, 1079),
	(481, 1089),
	(482, 142),
	(482, 144),
	(484, 142),
	(484, 144),
	(485, 1079),
	(485, 1097),
	(488, 1103),
	(488, 1127),
	(489, 142),
	(489, 144),
	(495, 142),
	(495, 164),
	(497, 1144),
	(498, 1),
	(498, 167),
	(498, 1163),
	(498, 1165),
	(499, 142),
	(499, 144),
	(501, 142),
	(501, 144),
	(503, 41),
	(503, 69),
	(504, 41),
	(504, 79),
	(504, 142),
	(504, 161),
	(504, 1065),
	(504, 1076),
	(504, 1319),
	(504, 1320),
	(506, 1),
	(506, 167),
	(506, 695),
	(506, 698),
	(506, 1079),
	(506, 1083),
	(506, 1163),
	(507, 1079),
	(507, 1092),
	(508, 1),
	(508, 34),
	(510, 1),
	(510, 167),
	(510, 695),
	(510, 702),
	(510, 1163),
	(515, 1079),
	(515, 1090),
	(517, 41),
	(517, 79),
	(517, 142),
	(519, 1079),
	(519, 1088),
	(521, 142),
	(521, 144),
	(522, 142),
	(522, 165),
	(524, 41),
	(524, 48),
	(524, 892),
	(524, 1006),
	(525, 41),
	(525, 42),
	(525, 71),
	(525, 103),
	(528, 1079),
	(528, 1088),
	(532, 1),
	(532, 167),
	(532, 1163),
	(532, 1165),
	(533, 1079),
	(533, 1097),
	(535, 41),
	(535, 79),
	(535, 103),
	(535, 142),
	(537, 41),
	(537, 79),
	(537, 142),
	(538, 1),
	(538, 2),
	(538, 24),
	(538, 29),
	(538, 31),
	(538, 33),
	(541, 1),
	(541, 34),
	(541, 1103),
	(541, 1118),
	(543, 695),
	(543, 702),
	(544, 1),
	(544, 31),
	(544, 41),
	(544, 79),
	(544, 142),
	(544, 161),
	(545, 142),
	(548, 1),
	(548, 31),
	(548, 41),
	(548, 79),
	(548, 142),
	(548, 161),
	(549, 1103),
	(549, 1127),
	(550, 1),
	(550, 167),
	(550, 1163),
	(550, 1165),
	(551, 142),
	(551, 144),
	(555, 1079),
	(555, 1089),
	(556, 41),
	(556, 48),
	(556, 53),
	(556, 57),
	(556, 62),
	(556, 69),
	(556, 75),
	(556, 120),
	(556, 133),
	(561, 41),
	(561, 48),
	(561, 79),
	(561, 103),
	(561, 113),
	(561, 142),
	(561, 150),
	(562, 1),
	(562, 22),
	(563, 142),
	(563, 144),
	(564, 142),
	(564, 144),
	(567, 41),
	(567, 43),
	(567, 53),
	(568, 41),
	(568, 79),
	(568, 142),
	(569, 1103),
	(569, 1124),
	(570, 142),
	(570, 144),
	(572, 1),
	(572, 31),
	(572, 41),
	(572, 79),
	(572, 113),
	(572, 142),
	(577, 1103),
	(577, 1127),
	(578, 1),
	(578, 167),
	(578, 1163),
	(578, 1165),
	(579, 1103),
	(579, 1119),
	(581, 41),
	(581, 79),
	(581, 142),
	(581, 150),
	(583, 1),
	(583, 41),
	(583, 48),
	(583, 142),
	(583, 167),
	(583, 771),
	(583, 774),
	(583, 1163),
	(585, 1),
	(585, 167),
	(585, 1163),
	(585, 1165),
	(586, 1),
	(586, 26),
	(588, 41),
	(588, 79),
	(588, 103),
	(588, 142),
	(592, 41),
	(592, 79),
	(592, 142),
	(592, 144),
	(596, 1103),
	(596, 1117),
	(599, 142),
	(599, 144),
	(600, 41),
	(600, 69),
	(601, 41),
	(601, 113),
	(602, 695),
	(602, 719),
	(602, 720),
	(604, 1),
	(604, 167),
	(604, 695),
	(604, 702),
	(604, 1163),
	(609, 1079),
	(609, 1080),
	(609, 1085),
	(609, 1087),
	(609, 1088),
	(609, 1089),
	(609, 1090),
	(609, 1092),
	(609, 1093),
	(609, 1094),
	(609, 1097),
	(610, 41),
	(610, 79),
	(610, 142),
	(613, 1103),
	(613, 1118),
	(621, 142),
	(621, 156),
	(622, 142),
	(622, 144),
	(625, 1103),
	(625, 1127),
	(626, 41),
	(626, 79),
	(626, 142),
	(626, 144),
	(627, 1),
	(627, 6),
	(629, 1079),
	(629, 1080),
	(630, 142),
	(630, 144),
	(631, 142),
	(631, 161)
	